10,95
10,213
10,33
10,215
10,65
10,7
10,267
10,2
10,3
9,7
8,13
8,7
8,15
56,4
56,3
56,2
56,1
56,0
54,2
54,0
52,5
52,4
52,3
52,2
52,1
51,3
51,1
50,3
50,1
49,4
49,3
49,2
49,1
12,3
12,2
12,1
11,29
11,28
11,27
11,26
11,25
11,24
11,23
11,22
11,21
11,20
11,19
11,18
11,17
11,16
11,15
11,14
11,13
11,12
11,11
20,2
20,1
20,3
11,10
11,9
11,8
11,7
11,6
11,5
19,2
19,1
19,3
11,4
11,3
11,2
11,1
10,307
10,298
10,297
10,289
10,288
10,262
10,258
10,248
10,232
10,225
10,177
10,149
10,121
10,103
10,1
10,101
9,1
9,5
9,3
